bf = [    3.18351108e+04,  -4.30644371e+04,  -5.43529588e+04, ...
         -2.18695035e+04,   1.21251361e+05,  -2.25446342e+04, ...
         -1.12555714e+04,   1.14735442e-03,   7.67353643e-04, ...
          2.02790922e-03,  -1.40845480e-03,   2.50110351e-03, ...
          9.37320087e-04,   4.63642761e-04,  -1.43034548e-03, ...
         -3.93537501e-04,  -1.99195086e-04,   5.62110077e-03, ...
          4.14278871e-04,   1.11507641e-03,  -1.06908831e-04, ...
         -6.46107263e-04,  -1.58549678e-03,   6.25635022e-04, ...
          4.16869291e-03,  -1.77565406e-03,  -1.59147772e-03, ...
         -1.55943834e-03,  -2.54358646e-03,  -5.86721410e-04, ...
         -1.23776644e-03,  -2.84257438e-03,  -1.92992218e-03, ...
         -8.98243495e-04,  -5.37445694e-03,  -1.54445216e-03, ...
         -8.06896050e-04,  -1.42309796e-03,  -4.48404820e-03, ...
         -6.41801410e-04,   1.21176551e-03,  -1.72986734e-03, ...
         -6.98192326e-04,  -4.48296420e-04,  -1.97434503e-03, ...
         -1.40680994e-03,  -6.31395291e-04,   1.38414336e-04, ...
         -8.10685902e-05,  -1.41763637e-03,  -1.47913732e-03, ...
         -1.26279610e-03,   9.54134272e-04,  -1.23622482e-03, ...
         -1.41172217e-02,  -6.18209355e-03,  -1.19090882e-03, ...
         -1.68478213e-03,  -1.85783937e-03,  -1.74794270e-03, ...
         -1.59319495e-03,  -2.47315586e-04,  -1.60368849e-03, ...
         -1.40876023e-03,  -9.21155817e-04,  -2.90399006e-03, ...
         -1.66946345e-03,  -1.29086980e-03,  -1.91988620e-03, ...
          5.90030401e-03,  -1.51638937e-03,  -1.19938536e-03, ...
         -9.48415602e-04,   6.68881472e-03,  -7.47373714e-04, ...
         -3.43266204e-04,  -8.73736461e-04,   3.64696972e-04, ...
         -5.43715458e-05,   1.02257403e-03,   7.88859274e-05, ...
          2.64513345e-04,  -5.88676388e-05,   1.99385453e-04, ...
          1.88074295e-04,   4.04571953e-04,   2.01243400e-03, ...
          1.08174647e-03,   1.46240265e-03,  -2.60422297e-03, ...
          1.55578504e-03,   1.19800676e-04,   3.48429714e-04, ...
          8.27146181e-04,   5.47816605e-04,   6.62352140e-04, ...
          6.01926836e-04,  -6.02744356e-04,   3.08409802e-04, ...
          4.73974252e-04,  -4.63109228e-04,   6.13651216e-05, ...
          4.47184836e-05,  -2.03480714e-04,  -4.63901060e-03, ...
         -1.27240381e-03,  -1.85573442e-03,  -4.78792871e-04, ...
         -1.63891404e-03,  -2.46342868e-03,  -2.82662487e-03, ...
         -3.26908073e-03,  -3.29721840e-03,   4.46595051e-03, ...
         -3.10493366e-03,  -2.90023634e-03,  -1.72956657e-03, ...
         -2.48047869e-03,  -2.70510775e-03,  -2.55719595e-03, ...
          8.42527107e-03,  -1.01715715e-03,  -1.03130445e-03, ...
         -7.39820953e-04,   4.52513891e-04,   5.55370121e-04, ...
          9.53959180e-04,   1.40889198e-03,   1.77757304e-03, ...
         -8.53351157e-04,  -1.56730057e-03,   1.36666873e-03, ...
          2.66951885e-03,  -5.53181093e-04,  -5.08327325e-03, ...
          1.05324429e-03,   6.46550995e-04,   6.40096448e-01, ...
          4.94342375e-01,   1.44121978e-01,   4.07817453e-04, ...
          9.91680735e-04,  -2.69166582e-03,  -6.16961283e-04, ...
         -7.83536354e-04,   2.87844758e-03,   4.97955206e-05, ...
         -4.82865413e-03,  -1.11797949e-03,   1.50133787e-03, ...
         -6.66242930e-04,   8.19208135e-04,   2.53407127e-04, ...
          2.65045986e-04,   2.59669384e-04,  -1.99186935e-03, ...
         -1.93283694e-04,  -2.82669077e-03,  -1.80220425e-03, ...
         -5.83149286e-05,   1.41418927e-03,  -2.98823670e-04, ...
         -6.22686906e-04,  -8.19654321e-04,  -4.70393410e-03, ...
          2.48557193e-04,  -2.85620325e-04,  -4.17386702e-04, ...
         -5.78150526e-04,  -9.87512158e-04,  -1.41937047e-03, ...
          9.13467973e-04,   1.14350007e-04,   2.20285274e-04, ...
         -1.50860602e-03,  -2.80769173e-04,  -6.09638604e-05, ...
         -7.28537939e-04,  -3.16772010e-04,  -3.97230216e-04, ...
         -1.97640236e-04,  -9.63809302e-05,   1.42382414e-04, ...
         -1.64767535e-03,  -8.97098644e-04,  -3.43601331e-04, ...
         -4.06701073e-03,  -5.33514899e-03,  -1.30997979e-04, ...
         -3.33300314e-04,  -1.02506796e-04,  -4.93697607e-04, ...
         -3.77498679e-04,  -6.72402700e-03,  -5.36542641e-04, ...
         -1.74429662e-03,  -1.36560763e-03,  -1.37319265e-03, ...
         -2.08289927e-03,  -1.48113868e-03,  -1.54030652e-03, ...
         -1.67731551e-03,  -7.16774902e-03,  -2.10037709e-03, ...
         -1.46747983e-03,  -1.88716742e-03,  -1.93475357e-03, ...
         -2.03770690e-03,   2.72698493e-03,  -1.82611590e-03, ...
         -1.93010052e-03,  -4.07942821e-04,  -1.64821610e-03, ...
         -9.53542702e-04,   3.91595482e-03,  -8.21428303e-04, ...
         -1.16656356e-03,  -1.45498358e-03,  -1.15276202e-03, ...
         -1.80388915e-03,  -1.27973295e-02,  -2.13353359e-03, ...
          1.13581555e-02,   8.17756198e-04,  -6.02503421e-05, ...
         -1.73771159e-04,  -6.03125480e-05,   7.44648113e-05, ...
          2.34225282e-04,  -2.41650413e-04,   1.52734901e-04, ...
          1.94822546e-04,   2.28789531e-04,   2.52985662e-04, ...
          2.65335702e-04,   7.79249011e-04,   6.68137845e-04, ...
          8.29133163e-04,   1.01599716e-03,  -3.94811487e-04, ...
         -3.86583909e-04,  -1.34082583e-04,   1.04292386e-03, ...
          5.31330437e-04,   9.59270065e-04,  -3.35858891e-03, ...
         -2.66974865e-04,  -5.04641766e-03,  -1.94462716e-03, ...
         -1.90069220e-03,  -2.67218060e-03,  -1.77162172e-04, ...
         -2.28830245e-03,  -2.83946750e-03,  -1.36109272e-03, ...
         -5.07867155e-04,  -3.72243902e-04,  -1.40301547e-04, ...
         -3.61116035e-04,  -1.23956596e-04,  -1.48542760e-04, ...
          7.75225978e-04,  -2.98358113e-03,  -6.24276177e-04, ...
         -6.74947620e-04,  -1.76141364e-03,  -3.21797423e-03, ...
         -3.43861197e-04,  -1.91457270e-03,  -1.49286650e-04, ...
          2.45883160e-03,  -1.12588463e-03,  -9.24883191e-04, ...
          3.54321311e-01,   6.09932366e-04,  -8.80943302e-04, ...
          9.72797271e-04,   4.80759346e-06,   8.59179665e-04, ...
          2.39403470e-04,   1.46438139e-03,   1.15879229e-03, ...
          2.96317987e-03,   1.15362342e-03,   1.60524496e-03, ...
          1.47153652e-03,   2.32195377e-03,   1.79366429e-03, ...
          1.71389087e-03,   7.08567485e-04,  -4.08859928e-03, ...
          1.92918476e-03,   1.25657420e-03,   5.57096793e-04, ...
          6.38340096e-04,   2.72055761e-04,   1.21805095e-03, ...
         -1.53812924e-03,  -4.67871436e-04,   4.77353809e-04, ...
          2.76935539e-03,  -5.04501841e-04,  -5.08082730e-04, ...
         -4.83482562e-04,  -5.05850717e-04,   6.76005496e-04, ...
         -1.28140100e-04,   4.43437620e-05,   4.71408264e-04, ...
          1.31506228e-03,   2.73893249e-03,   2.99946972e-03, ...
          2.03111999e-03,   2.11095923e-03,   7.95126001e-04, ...
          8.52408910e-04,   4.43267457e-04,   1.62539296e-04, ...
         -6.45745905e-04,  -7.43668436e-04,  -2.92541733e-04, ...
          1.02728624e-03,   4.07712891e-03,   6.44936709e-03, ...
         -3.17446146e-03,  -3.26528171e-03,  -4.33427642e-04, ...
         -2.40903075e-04,   4.55527058e-03,   6.37268950e-05, ...
          2.20803655e-04,   1.87744544e-04,   1.58196404e-03, ...
          4.08698886e-04,   1.39732240e-03,   1.89084670e-03, ...
         -1.70958070e-03,   2.45535003e-03,   2.53123618e-03, ...
          2.60684329e-03,   1.11665485e-03,   3.16257706e-03, ...
          1.49671598e-03,   1.78163554e-03,  -1.87774471e-03, ...
         -5.87469220e-03,   1.30501858e-03,   1.34171122e-03, ...
          1.26911586e-03,  -3.62131042e-04,   1.93834424e-03, ...
          3.39253969e-03,  -6.62619180e-03,   1.72662252e-03, ...
         -1.32168251e-03,   1.21858809e-03,   1.14345412e-03, ...
         -6.58633950e-04,   2.64235637e-03,   1.48453602e-03, ...
          1.29468253e-03,   3.69668546e-03,   1.51278682e-03, ...
